6856.300 
7635.500 
9036.400 
7738.000 
8163.200 
9033.800 
8443.800 
5596.300 
8350.000 
8903.200 
9331.700 
8897.300 
8776.400 
9964.000 
11212.800
9541.000 
11485.400
11216.500
10262.300
7425.800 
10537.500
11445.000
12620.500
10297.200
11112.600
11001.700
12216.400
10445.900
11951.200
11594.400
10995.100
8018.200 
10115.000
11840.400
11406.300
9561.200 
10787.500
11083.600
11171.600
11987.700
12017.500
10926.900
11662.300
7783.700 
10694.200
12710.900
12030.100
10061.800
11294.200
11451.500
12183.200
11904.900
12142.700
11600.300
11849.700
7764.100 
11521.900
13219.000
11832.500
11271.900
11192.100
11833.400
13372.800
12080.800
13026.200
13196.100
12657.400
8593.600 
12277.900
12835.100
13689.800
12059.400
11314.700
12380.500
13158.100
13580.700
13454.000
13926.300
12799.400
9671.800 
13561.800
13097.300
14811.300
13090.600
13432.800
13672.600
15733.800
13191.200
15610.900
15352.400
13577.000
11016.800
14206.100
15178.600
15610.700
13628.000
14381.600
15195.700
17363.400
14235.300
16657.900
16364.100
16054.300
12011.400
14821.500
17280.700
16919.900
13535.300
16110.200
17153.000
15892.300
18291.200
17048.000
15839.400
18283.800
12106.200
16617.900
16842.100
14841.700
12361.900
11667.000
12902.100
14324.100
13546.100
13288.600
14347.600
14775.000
10303.500
14188.000
15249.500
14465.300
13933.400
12721.500
14734.900
17249.000
14789.300
16196.400
17625.500
16606.500
12701.900
16724.000
17476.200
17999.300
17087.300
16787.200
17854.600
21346.700
17692.600
18945.200
19770.000
18307.400
14681.200
19263.500
18313.700
18975.400
18285.700
17670.500
18621.800
21011.000
17729.900
19974.900
20053.900
20041.600
16257.600
18809.300
21060.600
19914.800
18656.500
18799.100
19310.700
21656.500
20585.400
21062.600
21017.100
20987.700
16531.600
19492.600
21414.800
19296.600
19159.900
19283.200
19907.800
21150.400
19898.400
20644.700
21543.500
22024.400
15774.100
21405.100
22265.200
20347.000
20043.200
18630.800
20153.200
23864.800
20943.300
21405.800
23211.200
23495.500
15951.400
21874.400
22274.500
21781.100
21013.300
18775.600
21219.500
22946.300
22492.900
22427.100
23708.400
22376.700
17559.900
22519.900
22016.800
23817.600
22180.500
22369.700
22483.800
27693.900
21468.100
25224.100
25374.300
22489.500
19053.900
24023.500
24839.100
25435.300
22639.400
23500.700
23108.300
26482.400
24560.700
25847.700
26338.900
24596.400
20306.200
23337.100
26687.700
25482.200
21814.900










